ID,Pais,1 Dosis,2 Dosis,Sin vacunar
44,Marshall Islands,44,4,52
46,Serbia,40,1,59
3,Albania,40,6,54
67,Paraguay,30,8,62
4,Canada,29,5,66
89,Poland,25,4,71
43,Yemen,21,6,73
56,Thailand,20,1,79
91,Chile,19,25,56
7,Sweden,16,22,62
65,New Zealand,13,4,83
97,Spain,12,23,65
2,Philippines,12,17,71
70,Bolivia,11,29,60
88,Mexico,9,39,52
35,Colombia,7,22,71
36,Greece,6,22,72
81,Nigeria,6,19,75
84,Japan,5,26,69
14,Russia,4,28,68
57,United Kingdom,4,25,71
23,Egypt,3,39,58
63,Hungary,3,12,85
