ID,Pais,1 Dosis,2 Dosis,Sin vacunar
59,Uruguay,57,31,12
60,Ecuador,52,34,14
12,France,51,36,13
68,Ireland,46,34,20
73,Afghanistan,43,35,22
13,Czech Republic,37,40,23
20,Uganda,34,40,26
55,Belize,23,36,41
98,Guatemala,23,34,43
18,Dominica,20,35,45
88,Mexico,9,39,52
23,Egypt,3,39,58
